Domain A1
	Residue	Frequence
	56	1.0
	57	1.0
	58	0.998
	59	0.39
	60	1.0
	61	1.0
	64	0.048
	65	0.696
	74	0.05
	75	0.006
	76	0.436
	77	0.352
	78	0.004
	79	0.102
	80	0.05
	83	0.384
	84	0.618
	95	0.17
	97	0.516
	98	0.838
	100	0.058
	101	0.314
Domain A2
	Residue	Frequence
	255	0.06
	256	1.0
	258	1.0
	259	1.0
	261	0.558
	262	1.0
	263	0.008
	264	0.004
	265	1.0
	266	1.0
	267	1.0
	268	0.84
	269	0.55
	270	1.0
	271	0.964
	272	1.0
	273	1.0
	274	0.006
	313	0.044
	314	1.0
	315	1.0
	316	0.986
	320	1.0
	321	0.376
	322	1.0
	323	1.0
	326	0.004
	327	1.0
	332	0.992
	333	0.012
	334	0.036
Domain A3
	Residue	Frequence
	34	0.548
	35	0.254
	36	0.998
	37	1.0
	38	0.986
	40	0.016
Domain A4
	Residue	Frequence
	38	1.0
	39	1.0
	40	1.0
	41	1.0
	42	1.0
	43	1.0
	46	0.998
	62	1.0
	63	0.97
	64	0.994
	67	1.0
	68	0.712
	88	0.984
	92	0.726
	95	0.008
	97	1.0
	98	0.97
	99	1.0
	100	1.0
	101	1.0
	102	1.0
	103	0.242
